-1307956597
2108470693
2109020772
1420268457
1916644790
1407635434
-2130864062
1187843115
1161666054
-1551334848
775373457
-1848091848
-1362056414
1533865928
1419251266
-44906779
-1164475610
-204381592
-1444753727
193411491
1473654507
1960712529
311102819
-1723219202
218817037
-1120270510
90794602
1450830556
-103507371
1413188855
-1480756972
-783327815
1077864171
363327497
1063478229
-507833706
1839217254
944695400
-1583598872
1668023541
1542920242
432279874
1407887139
128403867
1038620627
-1377150929
-1488848530
1355299252
-1266543226
-396269288
1585748740
1846186673
1085031392
862333755
530706392
164140362
327072522
-71502142
-1612737042
-1417192289
-681866042
1711523125
1415087306
808210180
-863746991
-949169289
1414751167
1469258377
1872605656
-788877103
-22418045
-2081990053
-2021695756
-1706274243
-460841229
1322276192
-1632776855
348844169
383780921
-300816168
970678402
532547216
829189422
-432754031
461682329
-961077898
1326701092
1794239686
1322738646
1125651918
-619196755
1572734091
-1909394159
689553141
-1070308402
-1444930847
-1149145580
-589145443
-1411111783
-1303402870