-1780627432
-1519913467
420890451
-845373469
-696219388
-1649140211
-1508758822
-1092242934
-641742718
231766997
1259104318
846549993
-2071777541
-1900260496
1254902657
-112850054
1161237229
618379313
953375154
-235433253
66951829
532402395
-1774634988
315888694
1142699137
1081759533
-887060834
384564283
-1803633261
-1166151823
793003266
341620226
-1075706871
-1018450479
977233293
1246499430
1955586313
-4860798
1408196273
-1933989055
789324000
-403650680
-136511618
1767928306
1455999120
1049122562
-2115846445
56777848
-228022815
-1217807988
1960857443
1737036360
1533062032
-1074696698
429119738
1672348299
-1405322580
-381529267
1691582787
-935809595
1570392324
2083273427
1299543001
-455221589
241742415
1417555069
434047879
-670061013
-1981189232
-90812330
-577398179
-387176289
239797622
1167410246
-722747330
908213838
254841051
-270794067
-2097296444
883941811
1002743323
168562954
-2066440598
402946093
1860871396
-1133072747
-802783483
-548366746
-1952488951
742837745
-1670695561
-2099103387
653590896
793648150
-2120414704
263118402
439885352
-489145618
-677787298
-1054199576
465388314
-710231778
956111597
-1935438909
-436198492
-1380653938
209801614
-1114379463
1188294383
1911903765
-2108998038
-151999222
2064569631
-108015128
1617807045
773748335
179018121
-306607470
721341083
-1134442506
-388629508
-1050713557
-1744656285
-242902455
-1800503418
447232511
1784043720
482769368
907146113
1343713269
1217694557
1414650777
-1515006350
1026035865
-830208084
560233125
723134601
-1445025209
855580768
-505750539
-804703994
-672700212
-295697197
1631815089
-1814008007
-1972161039
1243889575
-1478610481
-1142199380
-1452069782
-1739775979
1087397859
-1275584554
1271158385
1693023801
1923042747
1454803329
-374963557
-1955675288
-1903800616
-309313840
709046162
519891122
-1685003682
204023314
1751324415
924576678
443903370
-1914764223
565587564
-1511068397
-1875159256
-1489831899
934233345
-1446943374
-498634248
286918069
398513865
-1776326623
1449160879
-826990307
261217326
711302870
321252205
1668326324
1028106138
-1748925293
545492090
2125056176
456038794
-961444282
117985973
-1182237712
-903407639
-322736578
-933203235
269732713
-544253169
2002319473
-2079382695
-2056503828
1892078563
-1271700093
-1521876541
440825110
2139436161
611582339
1222738214
-1166959955
-726165684
-544377758
-1408427442
1362624325
1009834114
1852193542
200901043
1661734669
-745404298
-870800391
-1748948976
95351740
-720503922
1277197881
-1954155227
-940964096
1002178543
982235277
-873666411
436718294
678339315
1806999987
251702169
-846864302
-918249193
708544861
3776198
-332721524
-361424628
1571730871
-1058035730
-231145506
-967754519
-268524361
-316359543
1048957304
-2015869528
2093454987
-1759041576
1196121689
1937066054
643885348
-791132881
-1887486137
-1970819926
818129770
-1690198206
559748629
1770068135
2039991138
1670231015
-1162140095
593586932
-1825574635
-858279943
1946835287
1157192440
663114030
-1403495778
292551221
1522356431
-1157105951
1549484155
598655625
-1019904903
836865186
1954421773
1221226778
-2017594250
-1870434881
128000801
2026525919
1713864498
763610470
-1483040040
-604929117
1156521329
2011515601
-595738402
-57817170
-233243483
846743417
-2087079033
2080541339
451912394
824356271
-1778747780
-106384454
1969639218
-1493188268
1560571933
1481526855
-1822600660
1341785609
675429097
-1576488309
-197609988
1952555844
-1665548487
208207049
-1045575774
-1282778116
-105696233
1241022727
463595095
-2043190104
-959212178
732348262
392204020
1714999221
1778771766
125650198
-23288281
-1520900679
2136401737
1906815575
-2120341986
1963136010
-471793874
-43949097
-727588204
-886442299
-98445621
182602103
-1237717619
732535342
1074311355
1451670906
-1716480482
741429958
1062778389
1230643124
1880239884
-500650314
-1020293726
-1978375082
843221494
826038802
1842818013
-2049439566
645145244
-1476548344
-2112647417
1801186717
-1089783892
-1913197645
-188499316
-1091596145
1842690383
-1879853639
-742510237
700344
-353885326
850052272
-1384691222
-1403995289
1894407139
953740488
-483048874
1770292324
-998534755
-1408491261
362585083
-2003284638
-478813188
956509093
1538922499
1286569820
-1155532200
2084838935
737647050
-453881713
-2117748323
-809256363
1501844271
-317282826
1874586294
-567952967
1823717562
-1790740657
-1094696050
885601598
-445311010
-432828049
-219805469
-232965939
-1110794118
-1959197559
-665528611
-1940369730
-831193548
-2092903294
-1557736228
-2046095796
-576983311
-1131179826
-1747490067
-1167271390
1792027534
428873362
-298589638
1188086370
-752254473
1685036771
1994241667
648573800
565378531
668179265
-1090896271
-2069706437
1488179653
-1279629345
-795950729
1545377150
-735289935
822901362
724679836
1494881670
1431923534
1260341134
769784679
-981616569
349057272
755189497
-1467396062
-1146968196
-54078753
-2036166525
-165651432
1361865539
-1415811303
565486262
801237067
-569413472
128497478
1069733955
368805723
2051811232
710593931
-548917730
782330039
-936340621
-2116116018
-1863199566
495048473
1710906065
-1487192898
-1719255114
-1868351908
-1891146228
-1317528995
-1098310143
-1956580855
1465064389
1422082065
-1037823357
1512794265
422275074
-864261090
-1059792597
-1031221604
601188163
-2094829628
-2005136047
1385368499
-1848288362
895379180
992837695
-959031151
-1515312208
-728639889
236549118
-107251386
992084121
-1631472712
2120317111
1735032335
-438740743
1101067910
-235061845
-498408540
1976093132
-1899269326
583744179
-790053383
-1255447154
1469864292
-1269706835
-1315248220
-899904353
1816744751
-1510808313
-557703890
218483180
-1059764442
1345468987
1180322989
146160445
-385389654
-174085120
1262439343
2085736069
1593392083
965778742
1283867991
1724839207
336914300
-1742592299
-788602439
2016645473
1503175394
625695497
-413009865
1628534342
148583453
-273876468
-724665497
-1316492779
-296364010
2873279
1343479420
-407974801
724659769
-517918885
-2086235757
493871615
-1284664485
-445153386
-708548601
-1695121324
-1710633814
-2058774517
1717239794
-1353749608
1616428626
520521888
-1213861231
456264295
1313691333
1409125133
-2058588623
826120911
2101546642
-867930112
1889307267
-170872942
-2062926080
1530413911
1191294514
963219786
769179047
648878436
-1366684597
-566685780
612418472
-2118806538
-1452467432
-412113249
-457938347
235930907
-1116443217
-1715650219
358104862
1805502990
2131844355
-1935564752
275980487
-1394778784
-1703165619
-1523888089
1542923209
-499908807
-1036082185
-900464940
-264341776
1954071964
187583006
-916434836
-1713669193
-160338867
-355324406
235793189
-1858634773
788745824
268611676
-2086856071
-1970939086
-36827927
-790657969
977371438
-519997673
-647066364
-512431438
-1585572814
-190931863
545255915
720822012
1130505619
-1259194182
1778770491
1995328080
-444146446
130253353
1245711952
2039510376
1746086327
-991761238
553803803
-2089049139
1454306025
553477866
-765264312
1815792701
1235865839
-1279857108
-1605651532
1818536447
-177160846
-557894257
-2065132450
-35306417
513320911
-828587173
-1937625159
545948101
-1663102111
1834338072
-925944431
-691616282
1190289841
377275404
-607382506
766554304
94545639
-1553274346
1693365380
138883743
610511249
55894878
1659858827
1304200536
-1334529986
2042481160
1865404493
1720691168
63565588
-2010448166
862542961
-1029890061
1951918603
171657849
-77161974
366242505
1222517324
1173080369
1607592869
-1708813312
1637680200
560678069
455316407
-1791024546
-1222184590
-223561567
347620258
-729147035
803107551
-2031054853
-1426422521
1429112306
1031098501
-1184161630
-318705198
-1412992769
1232033055
-1038441663
104372762
794217686
1964896696
141481892
1052563335
-1143648230
1480450746
-787543195
-1793771720
314507181
193558040
-1184041920
1948450957
-476787363
-108650532
-544576904
-553316411
-1493683636
223185897
-1518856419
690881026
-1464031927
-541839940
1807110969
-1261376767
215352487
728616486
1850217363
1529187644
-297367882
-1623656108
-31792098
1199475532
-1242180839
1127029347
-948337821
-977178749
-10883333
-643719994
-509279090
532813135
-1942409756
-1043688540
1864827205
-26364511
1568306328
-211187808
32276575
719895216
2105493932
1241131324
-713502525
1512905869
-250126852
437845602
956955300
-1383992291
278841864
-800622118
-1982856814
27049904
-435872292
1072009392
-1886627412
-713528886
-2000039260
532837764
-1819022071
1784097484
376892639
879644560
-2124283834
1360446664
-1629980771
-1744126545
1204059010
-1732803698
-1944775770
-317568781
-1786350424
1190810213
-6657191
-264437358
-2146071521
1076045664
-287946403
-225331272
-1231668139
-1504717628
-124037424
-1895885664
-996850587
1005904355
-406116047
-1180364341
1483374860
1216517202
193030966
-834977766
-1920257648
-1903082342
1132482945
103407766
1702584641
-443012083
-1129779336
-1620003700
-2141101497
-519579908
2129124671
349956630
-1862841099
-119238151
-186530247
-370883381
-1528859533
-1954374003
-374240627
515615737
-128802018
-1444283490
1078944547
378340606
415625628
2003550706
-344584183
407405064
-1258250356
480115299
2089929386
1359073122
1469715444
661465411
-1799821112
1601814745
982496994
-124573126
-62881924
-1033226099
1205948403
840255087
32746984
1652539299
720809273
-635030682
947351185
1168030287
998860172
-1997984531
1005912593
1525063379
572070790
-1397996376
-1310816898
1121609663
807403142
1137184610
-1922380547
-1593514529
974856492
1844127469
850131402
1548525318
-357033464
2067587739
1114882215
-1745297315
157120185
180039720
-1117068163
-1094552302
-555046214
-1534717815
1978467103
-1542084630
1330405437
1003707553
-1957588737
-424814164
-31559129
-191210792
-1600045484
1071063511
-1122316988
1997650155
1272924675
852010268
-237061615
-238538907
-1910706148
-34755068
-332495297
308162311
271168732
-1154322318
973675554
427102256
-700207894
1905063549
1594202353
1741392274
-340553050
64783391
-351559930
1619403280
540702295
1641116994
84639769
50775750
887182693
1589545938
-15695318
-1768951954
-271149044
-853058968
1710828430
-972634659
1768362133
-1496965357
43896474
266756183
1332229508
-1098390276
-1334199933
1025961831
-151375369
-93097629
-246632197
-9574168
1725890513
1058537037
-963460546
1810954788
62734429
429682147
-1253227938
1385637628
867897512
855754660
-1362200996
1479873675
1019287188
-1239178075
-1328231564
-1044974450
1822567227
-1256834768
285561489
1626795145
-615099307
1941171856
1771300994
1526297985
-415452504
-178195567
-923203403
-327839581
24338251
1952210994
1489318235
-1233991627
768238214
-667051641
-1567827026
-2143183115
25203526
-2139659005
1291967129
330719933
-171877802
-1012193973
-1581636891
-225342577
474531742
-786182273
793130180
1678591028
-1288635152
1980215362
-1650092111
-119311578
-807769515
1270361593
1273444511
-1041138045
-526025771
-133508942
129927998
-1192738418
-454012489
-428777868
89515791
-1741811722
-636593778
1414437676
1155524757
1286879160
-1114409365
-998382230
261561324
1468105784
-1934749015
1220904487
2146891895
-245599092
130430482
-558944432
-375078047
-1962154888
-1304830815
1586107855
55953119
-2095072579
605234248
841801770
-1341099444